22 22 3
0 0 124.16 0 0 124.16 124.16 124.16 1
124.16 0 219.668 0 124.16 124.16 219.668 124.16 1
219.668 0 293.136 0 219.668 124.16 293.136 124.16 1
293.136 0 349.649 0 293.136 124.16 349.649 124.16 1
349.649 0 393.121 0 349.649 124.16 393.121 124.16 1
393.121 0 426.561 0 393.121 124.16 426.561 124.16 1
426.561 0 452.284 0 426.561 124.16 452.284 124.16 1
452.284 0 472.071 0 452.284 124.16 472.071 124.16 1
472.071 0 487.292 0 472.071 124.16 487.292 124.16 1
487.292 0 499 0 487.292 124.16 499 124.16 1
499 0 501 0 499 124.16 501 124.16 1
501 0 512.708 0 501 124.16 512.708 124.16 1
512.708 0 527.929 0 512.708 124.16 527.929 124.16 1
527.929 0 547.716 0 527.929 124.16 547.716 124.16 1
547.716 0 573.439 0 547.716 124.16 573.439 124.16 1
573.439 0 606.879 0 573.439 124.16 606.879 124.16 1
606.879 0 650.351 0 606.879 124.16 650.351 124.16 1
650.351 0 706.864 0 650.351 124.16 706.864 124.16 1
706.864 0 780.332 0 706.864 124.16 780.332 124.16 1
780.332 0 875.84 0 780.332 124.16 875.84 124.16 1
875.84 0 1000 0 875.84 124.16 1000 124.16 1
0 124.16 124.16 124.16 0 219.668 124.16 219.668 1
124.16 124.16 219.668 124.16 124.16 219.668 219.668 219.668 1
219.668 124.16 293.136 124.16 219.668 219.668 293.136 219.668 1
293.136 124.16 349.649 124.16 293.136 219.668 349.649 219.668 1
349.649 124.16 393.121 124.16 349.649 219.668 393.121 219.668 1
393.121 124.16 426.561 124.16 393.121 219.668 426.561 219.668 1
426.561 124.16 452.284 124.16 426.561 219.668 452.284 219.668 1
452.284 124.16 472.071 124.16 452.284 219.668 472.071 219.668 1
472.071 124.16 487.292 124.16 472.071 219.668 487.292 219.668 1
487.292 124.16 499 124.16 487.292 219.668 499 219.668 1
499 124.16 501 124.16 499 219.668 501 219.668 1
501 124.16 512.708 124.16 501 219.668 512.708 219.668 1
512.708 124.16 527.929 124.16 512.708 219.668 527.929 219.668 1
527.929 124.16 547.716 124.16 527.929 219.668 547.716 219.668 1
547.716 124.16 573.439 124.16 547.716 219.668 573.439 219.668 1
573.439 124.16 606.879 124.16 573.439 219.668 606.879 219.668 1
606.879 124.16 650.351 124.16 606.879 219.668 650.351 219.668 1
650.351 124.16 706.864 124.16 650.351 219.668 706.864 219.668 1
706.864 124.16 780.332 124.16 706.864 219.668 780.332 219.668 1
780.332 124.16 875.84 124.16 780.332 219.668 875.84 219.668 1
875.84 124.16 1000 124.16 875.84 219.668 1000 219.668 1
0 219.668 124.16 219.668 0 293.136 124.16 293.136 1
124.16 219.668 219.668 219.668 124.16 293.136 219.668 293.136 1
219.668 219.668 293.136 219.668 219.668 293.136 293.136 293.136 1
293.136 219.668 349.649 219.668 293.136 293.136 349.649 293.136 1
349.649 219.668 393.121 219.668 349.649 293.136 393.121 293.136 1
393.121 219.668 426.561 219.668 393.121 293.136 426.561 293.136 1
426.561 219.668 452.284 219.668 426.561 293.136 452.284 293.136 1
452.284 219.668 472.071 219.668 452.284 293.136 472.071 293.136 1
472.071 219.668 487.292 219.668 472.071 293.136 487.292 293.136 1
487.292 219.668 499 219.668 487.292 293.136 499 293.136 1
499 219.668 501 219.668 499 293.136 501 293.136 1
501 219.668 512.708 219.668 501 293.136 512.708 293.136 1
512.708 219.668 527.929 219.668 512.708 293.136 527.929 293.136 1
527.929 219.668 547.716 219.668 527.929 293.136 547.716 293.136 1
547.716 219.668 573.439 219.668 547.716 293.136 573.439 293.136 1
573.439 219.668 606.879 219.668 573.439 293.136 606.879 293.136 1
606.879 219.668 650.351 219.668 606.879 293.136 650.351 293.136 1
650.351 219.668 706.864 219.668 650.351 293.136 706.864 293.136 1
706.864 219.668 780.332 219.668 706.864 293.136 780.332 293.136 1
780.332 219.668 875.84 219.668 780.332 293.136 875.84 293.136 1
875.84 219.668 1000 219.668 875.84 293.136 1000 293.136 1
0 293.136 124.16 293.136 0 349.649 124.16 349.649 1
124.16 293.136 219.668 293.136 124.16 349.649 219.668 349.649 1
219.668 293.136 293.136 293.136 219.668 349.649 293.136 349.649 1
293.136 293.136 349.649 293.136 293.136 349.649 349.649 349.649 1
349.649 293.136 393.121 293.136 349.649 349.649 393.121 349.649 1
393.121 293.136 426.561 293.136 393.121 349.649 426.561 349.649 1
426.561 293.136 452.284 293.136 426.561 349.649 452.284 349.649 1
452.284 293.136 472.071 293.136 452.284 349.649 472.071 349.649 1
472.071 293.136 487.292 293.136 472.071 349.649 487.292 349.649 1
487.292 293.136 499 293.136 487.292 349.649 499 349.649 1
499 293.136 501 293.136 499 349.649 501 349.649 1
501 293.136 512.708 293.136 501 349.649 512.708 349.649 1
512.708 293.136 527.929 293.136 512.708 349.649 527.929 349.649 1
527.929 293.136 547.716 293.136 527.929 349.649 547.716 349.649 1
547.716 293.136 573.439 293.136 547.716 349.649 573.439 349.649 1
573.439 293.136 606.879 293.136 573.439 349.649 606.879 349.649 1
606.879 293.136 650.351 293.136 606.879 349.649 650.351 349.649 1
650.351 293.136 706.864 293.136 650.351 349.649 706.864 349.649 1
706.864 293.136 780.332 293.136 706.864 349.649 780.332 349.649 1
780.332 293.136 875.84 293.136 780.332 349.649 875.84 349.649 1
875.84 293.136 1000 293.136 875.84 349.649 1000 349.649 1
0 349.649 124.16 349.649 0 393.121 124.16 393.121 1
124.16 349.649 219.668 349.649 124.16 393.121 219.668 393.121 1
219.668 349.649 293.136 349.649 219.668 393.121 293.136 393.121 1
293.136 349.649 349.649 349.649 293.136 393.121 349.649 393.121 1
349.649 349.649 393.121 349.649 349.649 393.121 393.121 393.121 1
393.121 349.649 426.561 349.649 393.121 393.121 426.561 393.121 1
426.561 349.649 452.284 349.649 426.561 393.121 452.284 393.121 1
452.284 349.649 472.071 349.649 452.284 393.121 472.071 393.121 1
472.071 349.649 487.292 349.649 472.071 393.121 487.292 393.121 1
487.292 349.649 499 349.649 487.292 393.121 499 393.121 1
499 349.649 501 349.649 499 393.121 501 393.121 1
501 349.649 512.708 349.649 501 393.121 512.708 393.121 1
512.708 349.649 527.929 349.649 512.708 393.121 527.929 393.121 1
527.929 349.649 547.716 349.649 527.929 393.121 547.716 393.121 1
547.716 349.649 573.439 349.649 547.716 393.121 573.439 393.121 1
573.439 349.649 606.879 349.649 573.439 393.121 606.879 393.121 1
606.879 349.649 650.351 349.649 606.879 393.121 650.351 393.121 1
650.351 349.649 706.864 349.649 650.351 393.121 706.864 393.121 1
706.864 349.649 780.332 349.649 706.864 393.121 780.332 393.121 1
780.332 349.649 875.84 349.649 780.332 393.121 875.84 393.121 1
875.84 349.649 1000 349.649 875.84 393.121 1000 393.121 1
0 393.121 124.16 393.121 0 426.561 124.16 426.561 1
124.16 393.121 219.668 393.121 124.16 426.561 219.668 426.561 1
219.668 393.121 293.136 393.121 219.668 426.561 293.136 426.561 1
293.136 393.121 349.649 393.121 293.136 426.561 349.649 426.561 1
349.649 393.121 393.121 393.121 349.649 426.561 393.121 426.561 1
393.121 393.121 426.561 393.121 393.121 426.561 426.561 426.561 1
426.561 393.121 452.284 393.121 426.561 426.561 452.284 426.561 1
452.284 393.121 472.071 393.121 452.284 426.561 472.071 426.561 1
472.071 393.121 487.292 393.121 472.071 426.561 487.292 426.561 1
487.292 393.121 499 393.121 487.292 426.561 499 426.561 1
499 393.121 501 393.121 499 426.561 501 426.561 1
501 393.121 512.708 393.121 501 426.561 512.708 426.561 1
512.708 393.121 527.929 393.121 512.708 426.561 527.929 426.561 1
527.929 393.121 547.716 393.121 527.929 426.561 547.716 426.561 1
547.716 393.121 573.439 393.121 547.716 426.561 573.439 426.561 1
573.439 393.121 606.879 393.121 573.439 426.561 606.879 426.561 1
606.879 393.121 650.351 393.121 606.879 426.561 650.351 426.561 1
650.351 393.121 706.864 393.121 650.351 426.561 706.864 426.561 1
706.864 393.121 780.332 393.121 706.864 426.561 780.332 426.561 1
780.332 393.121 875.84 393.121 780.332 426.561 875.84 426.561 1
875.84 393.121 1000 393.121 875.84 426.561 1000 426.561 1
0 426.561 124.16 426.561 0 452.284 124.16 452.284 1
124.16 426.561 219.668 426.561 124.16 452.284 219.668 452.284 1
219.668 426.561 293.136 426.561 219.668 452.284 293.136 452.284 1
293.136 426.561 349.649 426.561 293.136 452.284 349.649 452.284 1
349.649 426.561 393.121 426.561 349.649 452.284 393.121 452.284 1
393.121 426.561 426.561 426.561 393.121 452.284 426.561 452.284 1
426.561 426.561 452.284 426.561 426.561 452.284 452.284 452.284 1
452.284 426.561 472.071 426.561 452.284 452.284 472.071 452.284 1
472.071 426.561 487.292 426.561 472.071 452.284 487.292 452.284 1
487.292 426.561 499 426.561 487.292 452.284 499 452.284 1
499 426.561 501 426.561 499 452.284 501 452.284 1
501 426.561 512.708 426.561 501 452.284 512.708 452.284 1
512.708 426.561 527.929 426.561 512.708 452.284 527.929 452.284 1
527.929 426.561 547.716 426.561 527.929 452.284 547.716 452.284 1
547.716 426.561 573.439 426.561 547.716 452.284 573.439 452.284 1
573.439 426.561 606.879 426.561 573.439 452.284 606.879 452.284 1
606.879 426.561 650.351 426.561 606.879 452.284 650.351 452.284 1
650.351 426.561 706.864 426.561 650.351 452.284 706.864 452.284 1
706.864 426.561 780.332 426.561 706.864 452.284 780.332 452.284 1
780.332 426.561 875.84 426.561 780.332 452.284 875.84 452.284 1
875.84 426.561 1000 426.561 875.84 452.284 1000 452.284 1
0 452.284 124.16 452.284 0 472.071 124.16 472.071 1
124.16 452.284 219.668 452.284 124.16 472.071 219.668 472.071 1
219.668 452.284 293.136 452.284 219.668 472.071 293.136 472.071 1
293.136 452.284 349.649 452.284 293.136 472.071 349.649 472.071 1
349.649 452.284 393.121 452.284 349.649 472.071 393.121 472.071 1
393.121 452.284 426.561 452.284 393.121 472.071 426.561 472.071 1
426.561 452.284 452.284 452.284 426.561 472.071 452.284 472.071 1
452.284 452.284 472.071 452.284 452.284 472.071 472.071 472.071 1
472.071 452.284 487.292 452.284 472.071 472.071 487.292 472.071 1
487.292 452.284 499 452.284 487.292 472.071 499 472.071 1
499 452.284 501 452.284 499 472.071 501 472.071 1
501 452.284 512.708 452.284 501 472.071 512.708 472.071 1
512.708 452.284 527.929 452.284 512.708 472.071 527.929 472.071 1
527.929 452.284 547.716 452.284 527.929 472.071 547.716 472.071 1
547.716 452.284 573.439 452.284 547.716 472.071 573.439 472.071 1
573.439 452.284 606.879 452.284 573.439 472.071 606.879 472.071 1
606.879 452.284 650.351 452.284 606.879 472.071 650.351 472.071 1
650.351 452.284 706.864 452.284 650.351 472.071 706.864 472.071 1
706.864 452.284 780.332 452.284 706.864 472.071 780.332 472.071 1
780.332 452.284 875.84 452.284 780.332 472.071 875.84 472.071 1
875.84 452.284 1000 452.284 875.84 472.071 1000 472.071 1
0 472.071 124.16 472.071 0 487.292 124.16 487.292 1
124.16 472.071 219.668 472.071 124.16 487.292 219.668 487.292 1
219.668 472.071 293.136 472.071 219.668 487.292 293.136 487.292 1
293.136 472.071 349.649 472.071 293.136 487.292 349.649 487.292 1
349.649 472.071 393.121 472.071 349.649 487.292 393.121 487.292 1
393.121 472.071 426.561 472.071 393.121 487.292 426.561 487.292 1
426.561 472.071 452.284 472.071 426.561 487.292 452.284 487.292 1
452.284 472.071 472.071 472.071 452.284 487.292 472.071 487.292 1
472.071 472.071 487.292 472.071 472.071 487.292 487.292 487.292 1
487.292 472.071 499 472.071 487.292 487.292 499 487.292 1
499 472.071 501 472.071 499 487.292 501 487.292 1
501 472.071 512.708 472.071 501 487.292 512.708 487.292 1
512.708 472.071 527.929 472.071 512.708 487.292 527.929 487.292 1
527.929 472.071 547.716 472.071 527.929 487.292 547.716 487.292 1
547.716 472.071 573.439 472.071 547.716 487.292 573.439 487.292 1
573.439 472.071 606.879 472.071 573.439 487.292 606.879 487.292 1
606.879 472.071 650.351 472.071 606.879 487.292 650.351 487.292 1
650.351 472.071 706.864 472.071 650.351 487.292 706.864 487.292 1
706.864 472.071 780.332 472.071 706.864 487.292 780.332 487.292 1
780.332 472.071 875.84 472.071 780.332 487.292 875.84 487.292 1
875.84 472.071 1000 472.071 875.84 487.292 1000 487.292 1
0 487.292 124.16 487.292 0 499 124.16 499 1
124.16 487.292 219.668 487.292 124.16 499 219.668 499 1
219.668 487.292 293.136 487.292 219.668 499 293.136 499 1
293.136 487.292 349.649 487.292 293.136 499 349.649 499 1
349.649 487.292 393.121 487.292 349.649 499 393.121 499 1
393.121 487.292 426.561 487.292 393.121 499 426.561 499 1
426.561 487.292 452.284 487.292 426.561 499 452.284 499 1
452.284 487.292 472.071 487.292 452.284 499 472.071 499 1
472.071 487.292 487.292 487.292 472.071 499 487.292 499 1
487.292 487.292 499 487.292 487.292 499 499 499 1
499 487.292 501 487.292 499 499 501 499 1
501 487.292 512.708 487.292 501 499 512.708 499 1
512.708 487.292 527.929 487.292 512.708 499 527.929 499 1
527.929 487.292 547.716 487.292 527.929 499 547.716 499 1
547.716 487.292 573.439 487.292 547.716 499 573.439 499 1
573.439 487.292 606.879 487.292 573.439 499 606.879 499 1
606.879 487.292 650.351 487.292 606.879 499 650.351 499 1
650.351 487.292 706.864 487.292 650.351 499 706.864 499 1
706.864 487.292 780.332 487.292 706.864 499 780.332 499 1
780.332 487.292 875.84 487.292 780.332 499 875.84 499 1
875.84 487.292 1000 487.292 875.84 499 1000 499 1
0 499 124.16 499 0 501 124.16 501 1
124.16 499 219.668 499 124.16 501 219.668 501 1
219.668 499 293.136 499 219.668 501 293.136 501 1
293.136 499 349.649 499 293.136 501 349.649 501 1
349.649 499 393.121 499 349.649 501 393.121 501 1
393.121 499 426.561 499 393.121 501 426.561 501 1
426.561 499 452.284 499 426.561 501 452.284 501 1
452.284 499 472.071 499 452.284 501 472.071 501 1
472.071 499 487.292 499 472.071 501 487.292 501 1
487.292 499 499 499 487.292 501 499 501 1
499 499 501 499 499 501 501 501 -1
501 499 512.708 499 501 501 512.708 501 1
512.708 499 527.929 499 512.708 501 527.929 501 1
527.929 499 547.716 499 527.929 501 547.716 501 1
547.716 499 573.439 499 547.716 501 573.439 501 1
573.439 499 606.879 499 573.439 501 606.879 501 1
606.879 499 650.351 499 606.879 501 650.351 501 1
650.351 499 706.864 499 650.351 501 706.864 501 1
706.864 499 780.332 499 706.864 501 780.332 501 1
780.332 499 875.84 499 780.332 501 875.84 501 1
875.84 499 1000 499 875.84 501 1000 501 1
0 501 124.16 501 0 512.708 124.16 512.708 1
124.16 501 219.668 501 124.16 512.708 219.668 512.708 1
219.668 501 293.136 501 219.668 512.708 293.136 512.708 1
293.136 501 349.649 501 293.136 512.708 349.649 512.708 1
349.649 501 393.121 501 349.649 512.708 393.121 512.708 1
393.121 501 426.561 501 393.121 512.708 426.561 512.708 1
426.561 501 452.284 501 426.561 512.708 452.284 512.708 1
452.284 501 472.071 501 452.284 512.708 472.071 512.708 1
472.071 501 487.292 501 472.071 512.708 487.292 512.708 1
487.292 501 499 501 487.292 512.708 499 512.708 1
499 501 501 501 499 512.708 501 512.708 1
501 501 512.708 501 501 512.708 512.708 512.708 1
512.708 501 527.929 501 512.708 512.708 527.929 512.708 1
527.929 501 547.716 501 527.929 512.708 547.716 512.708 1
547.716 501 573.439 501 547.716 512.708 573.439 512.708 1
573.439 501 606.879 501 573.439 512.708 606.879 512.708 1
606.879 501 650.351 501 606.879 512.708 650.351 512.708 1
650.351 501 706.864 501 650.351 512.708 706.864 512.708 1
706.864 501 780.332 501 706.864 512.708 780.332 512.708 1
780.332 501 875.84 501 780.332 512.708 875.84 512.708 1
875.84 501 1000 501 875.84 512.708 1000 512.708 1
0 512.708 124.16 512.708 0 527.929 124.16 527.929 1
124.16 512.708 219.668 512.708 124.16 527.929 219.668 527.929 1
219.668 512.708 293.136 512.708 219.668 527.929 293.136 527.929 1
293.136 512.708 349.649 512.708 293.136 527.929 349.649 527.929 1
349.649 512.708 393.121 512.708 349.649 527.929 393.121 527.929 1
393.121 512.708 426.561 512.708 393.121 527.929 426.561 527.929 1
426.561 512.708 452.284 512.708 426.561 527.929 452.284 527.929 1
452.284 512.708 472.071 512.708 452.284 527.929 472.071 527.929 1
472.071 512.708 487.292 512.708 472.071 527.929 487.292 527.929 1
487.292 512.708 499 512.708 487.292 527.929 499 527.929 1
499 512.708 501 512.708 499 527.929 501 527.929 1
501 512.708 512.708 512.708 501 527.929 512.708 527.929 1
512.708 512.708 527.929 512.708 512.708 527.929 527.929 527.929 1
527.929 512.708 547.716 512.708 527.929 527.929 547.716 527.929 1
547.716 512.708 573.439 512.708 547.716 527.929 573.439 527.929 1
573.439 512.708 606.879 512.708 573.439 527.929 606.879 527.929 1
606.879 512.708 650.351 512.708 606.879 527.929 650.351 527.929 1
650.351 512.708 706.864 512.708 650.351 527.929 706.864 527.929 1
706.864 512.708 780.332 512.708 706.864 527.929 780.332 527.929 1
780.332 512.708 875.84 512.708 780.332 527.929 875.84 527.929 1
875.84 512.708 1000 512.708 875.84 527.929 1000 527.929 1
0 527.929 124.16 527.929 0 547.716 124.16 547.716 1
124.16 527.929 219.668 527.929 124.16 547.716 219.668 547.716 1
219.668 527.929 293.136 527.929 219.668 547.716 293.136 547.716 1
293.136 527.929 349.649 527.929 293.136 547.716 349.649 547.716 1
349.649 527.929 393.121 527.929 349.649 547.716 393.121 547.716 1
393.121 527.929 426.561 527.929 393.121 547.716 426.561 547.716 1
426.561 527.929 452.284 527.929 426.561 547.716 452.284 547.716 1
452.284 527.929 472.071 527.929 452.284 547.716 472.071 547.716 1
472.071 527.929 487.292 527.929 472.071 547.716 487.292 547.716 1
487.292 527.929 499 527.929 487.292 547.716 499 547.716 1
499 527.929 501 527.929 499 547.716 501 547.716 1
501 527.929 512.708 527.929 501 547.716 512.708 547.716 1
512.708 527.929 527.929 527.929 512.708 547.716 527.929 547.716 1
527.929 527.929 547.716 527.929 527.929 547.716 547.716 547.716 1
547.716 527.929 573.439 527.929 547.716 547.716 573.439 547.716 1
573.439 527.929 606.879 527.929 573.439 547.716 606.879 547.716 1
606.879 527.929 650.351 527.929 606.879 547.716 650.351 547.716 1
650.351 527.929 706.864 527.929 650.351 547.716 706.864 547.716 1
706.864 527.929 780.332 527.929 706.864 547.716 780.332 547.716 1
780.332 527.929 875.84 527.929 780.332 547.716 875.84 547.716 1
875.84 527.929 1000 527.929 875.84 547.716 1000 547.716 1
0 547.716 124.16 547.716 0 573.439 124.16 573.439 1
124.16 547.716 219.668 547.716 124.16 573.439 219.668 573.439 1
219.668 547.716 293.136 547.716 219.668 573.439 293.136 573.439 1
293.136 547.716 349.649 547.716 293.136 573.439 349.649 573.439 1
349.649 547.716 393.121 547.716 349.649 573.439 393.121 573.439 1
393.121 547.716 426.561 547.716 393.121 573.439 426.561 573.439 1
426.561 547.716 452.284 547.716 426.561 573.439 452.284 573.439 1
452.284 547.716 472.071 547.716 452.284 573.439 472.071 573.439 1
472.071 547.716 487.292 547.716 472.071 573.439 487.292 573.439 1
487.292 547.716 499 547.716 487.292 573.439 499 573.439 1
499 547.716 501 547.716 499 573.439 501 573.439 1
501 547.716 512.708 547.716 501 573.439 512.708 573.439 1
512.708 547.716 527.929 547.716 512.708 573.439 527.929 573.439 1
527.929 547.716 547.716 547.716 527.929 573.439 547.716 573.439 1
547.716 547.716 573.439 547.716 547.716 573.439 573.439 573.439 1
573.439 547.716 606.879 547.716 573.439 573.439 606.879 573.439 1
606.879 547.716 650.351 547.716 606.879 573.439 650.351 573.439 1
650.351 547.716 706.864 547.716 650.351 573.439 706.864 573.439 1
706.864 547.716 780.332 547.716 706.864 573.439 780.332 573.439 1
780.332 547.716 875.84 547.716 780.332 573.439 875.84 573.439 1
875.84 547.716 1000 547.716 875.84 573.439 1000 573.439 1
0 573.439 124.16 573.439 0 606.879 124.16 606.879 1
124.16 573.439 219.668 573.439 124.16 606.879 219.668 606.879 1
219.668 573.439 293.136 573.439 219.668 606.879 293.136 606.879 1
293.136 573.439 349.649 573.439 293.136 606.879 349.649 606.879 1
349.649 573.439 393.121 573.439 349.649 606.879 393.121 606.879 1
393.121 573.439 426.561 573.439 393.121 606.879 426.561 606.879 1
426.561 573.439 452.284 573.439 426.561 606.879 452.284 606.879 1
452.284 573.439 472.071 573.439 452.284 606.879 472.071 606.879 1
472.071 573.439 487.292 573.439 472.071 606.879 487.292 606.879 1
487.292 573.439 499 573.439 487.292 606.879 499 606.879 1
499 573.439 501 573.439 499 606.879 501 606.879 1
501 573.439 512.708 573.439 501 606.879 512.708 606.879 1
512.708 573.439 527.929 573.439 512.708 606.879 527.929 606.879 1
527.929 573.439 547.716 573.439 527.929 606.879 547.716 606.879 1
547.716 573.439 573.439 573.439 547.716 606.879 573.439 606.879 1
573.439 573.439 606.879 573.439 573.439 606.879 606.879 606.879 1
606.879 573.439 650.351 573.439 606.879 606.879 650.351 606.879 1
650.351 573.439 706.864 573.439 650.351 606.879 706.864 606.879 1
706.864 573.439 780.332 573.439 706.864 606.879 780.332 606.879 1
780.332 573.439 875.84 573.439 780.332 606.879 875.84 606.879 1
875.84 573.439 1000 573.439 875.84 606.879 1000 606.879 1
0 606.879 124.16 606.879 0 650.351 124.16 650.351 1
124.16 606.879 219.668 606.879 124.16 650.351 219.668 650.351 1
219.668 606.879 293.136 606.879 219.668 650.351 293.136 650.351 1
293.136 606.879 349.649 606.879 293.136 650.351 349.649 650.351 1
349.649 606.879 393.121 606.879 349.649 650.351 393.121 650.351 1
393.121 606.879 426.561 606.879 393.121 650.351 426.561 650.351 1
426.561 606.879 452.284 606.879 426.561 650.351 452.284 650.351 1
452.284 606.879 472.071 606.879 452.284 650.351 472.071 650.351 1
472.071 606.879 487.292 606.879 472.071 650.351 487.292 650.351 1
487.292 606.879 499 606.879 487.292 650.351 499 650.351 1
499 606.879 501 606.879 499 650.351 501 650.351 1
501 606.879 512.708 606.879 501 650.351 512.708 650.351 1
512.708 606.879 527.929 606.879 512.708 650.351 527.929 650.351 1
527.929 606.879 547.716 606.879 527.929 650.351 547.716 650.351 1
547.716 606.879 573.439 606.879 547.716 650.351 573.439 650.351 1
573.439 606.879 606.879 606.879 573.439 650.351 606.879 650.351 1
606.879 606.879 650.351 606.879 606.879 650.351 650.351 650.351 1
650.351 606.879 706.864 606.879 650.351 650.351 706.864 650.351 1
706.864 606.879 780.332 606.879 706.864 650.351 780.332 650.351 1
780.332 606.879 875.84 606.879 780.332 650.351 875.84 650.351 1
875.84 606.879 1000 606.879 875.84 650.351 1000 650.351 1
0 650.351 124.16 650.351 0 706.864 124.16 706.864 1
124.16 650.351 219.668 650.351 124.16 706.864 219.668 706.864 1
219.668 650.351 293.136 650.351 219.668 706.864 293.136 706.864 1
293.136 650.351 349.649 650.351 293.136 706.864 349.649 706.864 1
349.649 650.351 393.121 650.351 349.649 706.864 393.121 706.864 1
393.121 650.351 426.561 650.351 393.121 706.864 426.561 706.864 1
426.561 650.351 452.284 650.351 426.561 706.864 452.284 706.864 1
452.284 650.351 472.071 650.351 452.284 706.864 472.071 706.864 1
472.071 650.351 487.292 650.351 472.071 706.864 487.292 706.864 1
487.292 650.351 499 650.351 487.292 706.864 499 706.864 1
499 650.351 501 650.351 499 706.864 501 706.864 1
501 650.351 512.708 650.351 501 706.864 512.708 706.864 1
512.708 650.351 527.929 650.351 512.708 706.864 527.929 706.864 1
527.929 650.351 547.716 650.351 527.929 706.864 547.716 706.864 1
547.716 650.351 573.439 650.351 547.716 706.864 573.439 706.864 1
573.439 650.351 606.879 650.351 573.439 706.864 606.879 706.864 1
606.879 650.351 650.351 650.351 606.879 706.864 650.351 706.864 1
650.351 650.351 706.864 650.351 650.351 706.864 706.864 706.864 1
706.864 650.351 780.332 650.351 706.864 706.864 780.332 706.864 1
780.332 650.351 875.84 650.351 780.332 706.864 875.84 706.864 1
875.84 650.351 1000 650.351 875.84 706.864 1000 706.864 1
0 706.864 124.16 706.864 0 780.332 124.16 780.332 1
124.16 706.864 219.668 706.864 124.16 780.332 219.668 780.332 1
219.668 706.864 293.136 706.864 219.668 780.332 293.136 780.332 1
293.136 706.864 349.649 706.864 293.136 780.332 349.649 780.332 1
349.649 706.864 393.121 706.864 349.649 780.332 393.121 780.332 1
393.121 706.864 426.561 706.864 393.121 780.332 426.561 780.332 1
426.561 706.864 452.284 706.864 426.561 780.332 452.284 780.332 1
452.284 706.864 472.071 706.864 452.284 780.332 472.071 780.332 1
472.071 706.864 487.292 706.864 472.071 780.332 487.292 780.332 1
487.292 706.864 499 706.864 487.292 780.332 499 780.332 1
499 706.864 501 706.864 499 780.332 501 780.332 1
501 706.864 512.708 706.864 501 780.332 512.708 780.332 1
512.708 706.864 527.929 706.864 512.708 780.332 527.929 780.332 1
527.929 706.864 547.716 706.864 527.929 780.332 547.716 780.332 1
547.716 706.864 573.439 706.864 547.716 780.332 573.439 780.332 1
573.439 706.864 606.879 706.864 573.439 780.332 606.879 780.332 1
606.879 706.864 650.351 706.864 606.879 780.332 650.351 780.332 1
650.351 706.864 706.864 706.864 650.351 780.332 706.864 780.332 1
706.864 706.864 780.332 706.864 706.864 780.332 780.332 780.332 1
780.332 706.864 875.84 706.864 780.332 780.332 875.84 780.332 1
875.84 706.864 1000 706.864 875.84 780.332 1000 780.332 1
0 780.332 124.16 780.332 0 875.84 124.16 875.84 1
124.16 780.332 219.668 780.332 124.16 875.84 219.668 875.84 1
219.668 780.332 293.136 780.332 219.668 875.84 293.136 875.84 1
293.136 780.332 349.649 780.332 293.136 875.84 349.649 875.84 1
349.649 780.332 393.121 780.332 349.649 875.84 393.121 875.84 1
393.121 780.332 426.561 780.332 393.121 875.84 426.561 875.84 1
426.561 780.332 452.284 780.332 426.561 875.84 452.284 875.84 1
452.284 780.332 472.071 780.332 452.284 875.84 472.071 875.84 1
472.071 780.332 487.292 780.332 472.071 875.84 487.292 875.84 1
487.292 780.332 499 780.332 487.292 875.84 499 875.84 1
499 780.332 501 780.332 499 875.84 501 875.84 1
501 780.332 512.708 780.332 501 875.84 512.708 875.84 1
512.708 780.332 527.929 780.332 512.708 875.84 527.929 875.84 1
527.929 780.332 547.716 780.332 527.929 875.84 547.716 875.84 1
547.716 780.332 573.439 780.332 547.716 875.84 573.439 875.84 1
573.439 780.332 606.879 780.332 573.439 875.84 606.879 875.84 1
606.879 780.332 650.351 780.332 606.879 875.84 650.351 875.84 1
650.351 780.332 706.864 780.332 650.351 875.84 706.864 875.84 1
706.864 780.332 780.332 780.332 706.864 875.84 780.332 875.84 1
780.332 780.332 875.84 780.332 780.332 875.84 875.84 875.84 1
875.84 780.332 1000 780.332 875.84 875.84 1000 875.84 1
0 875.84 124.16 875.84 0 1000 124.16 1000 1
124.16 875.84 219.668 875.84 124.16 1000 219.668 1000 1
219.668 875.84 293.136 875.84 219.668 1000 293.136 1000 1
293.136 875.84 349.649 875.84 293.136 1000 349.649 1000 1
349.649 875.84 393.121 875.84 349.649 1000 393.121 1000 1
393.121 875.84 426.561 875.84 393.121 1000 426.561 1000 1
426.561 875.84 452.284 875.84 426.561 1000 452.284 1000 1
452.284 875.84 472.071 875.84 452.284 1000 472.071 1000 1
472.071 875.84 487.292 875.84 472.071 1000 487.292 1000 1
487.292 875.84 499 875.84 487.292 1000 499 1000 1
499 875.84 501 875.84 499 1000 501 1000 1
501 875.84 512.708 875.84 501 1000 512.708 1000 1
512.708 875.84 527.929 875.84 512.708 1000 527.929 1000 1
527.929 875.84 547.716 875.84 527.929 1000 547.716 1000 1
547.716 875.84 573.439 875.84 547.716 1000 573.439 1000 1
573.439 875.84 606.879 875.84 573.439 1000 606.879 1000 1
606.879 875.84 650.351 875.84 606.879 1000 650.351 1000 1
650.351 875.84 706.864 875.84 650.351 1000 706.864 1000 1
706.864 875.84 780.332 875.84 706.864 1000 780.332 1000 1
780.332 875.84 875.84 875.84 780.332 1000 875.84 1000 1
875.84 875.84 1000 875.84 875.84 1000 1000 1000 1
0 0 124.16 0 0 124.16 124.16 124.16 1
124.16 0 219.668 0 124.16 124.16 219.668 124.16 1
219.668 0 293.136 0 219.668 124.16 293.136 124.16 1
293.136 0 349.649 0 293.136 124.16 349.649 124.16 1
349.649 0 393.121 0 349.649 124.16 393.121 124.16 1
393.121 0 426.561 0 393.121 124.16 426.561 124.16 1
426.561 0 452.284 0 426.561 124.16 452.284 124.16 1
452.284 0 472.071 0 452.284 124.16 472.071 124.16 1
472.071 0 487.292 0 472.071 124.16 487.292 124.16 1
487.292 0 499 0 487.292 124.16 499 124.16 1
499 0 501 0 499 124.16 501 124.16 1
501 0 512.708 0 501 124.16 512.708 124.16 1
512.708 0 527.929 0 512.708 124.16 527.929 124.16 1
527.929 0 547.716 0 527.929 124.16 547.716 124.16 1
547.716 0 573.439 0 547.716 124.16 573.439 124.16 1
573.439 0 606.879 0 573.439 124.16 606.879 124.16 1
606.879 0 650.351 0 606.879 124.16 650.351 124.16 1
650.351 0 706.864 0 650.351 124.16 706.864 124.16 1
706.864 0 780.332 0 706.864 124.16 780.332 124.16 1
780.332 0 875.84 0 780.332 124.16 875.84 124.16 1
875.84 0 1000 0 875.84 124.16 1000 124.16 1
0 124.16 124.16 124.16 0 219.668 124.16 219.668 1
124.16 124.16 219.668 124.16 124.16 219.668 219.668 219.668 1
219.668 124.16 293.136 124.16 219.668 219.668 293.136 219.668 1
293.136 124.16 349.649 124.16 293.136 219.668 349.649 219.668 1
349.649 124.16 393.121 124.16 349.649 219.668 393.121 219.668 1
393.121 124.16 426.561 124.16 393.121 219.668 426.561 219.668 1
426.561 124.16 452.284 124.16 426.561 219.668 452.284 219.668 1
452.284 124.16 472.071 124.16 452.284 219.668 472.071 219.668 1
472.071 124.16 487.292 124.16 472.071 219.668 487.292 219.668 1
487.292 124.16 499 124.16 487.292 219.668 499 219.668 1
499 124.16 501 124.16 499 219.668 501 219.668 1
501 124.16 512.708 124.16 501 219.668 512.708 219.668 1
512.708 124.16 527.929 124.16 512.708 219.668 527.929 219.668 1
527.929 124.16 547.716 124.16 527.929 219.668 547.716 219.668 1
547.716 124.16 573.439 124.16 547.716 219.668 573.439 219.668 1
573.439 124.16 606.879 124.16 573.439 219.668 606.879 219.668 1
606.879 124.16 650.351 124.16 606.879 219.668 650.351 219.668 1
650.351 124.16 706.864 124.16 650.351 219.668 706.864 219.668 1
706.864 124.16 780.332 124.16 706.864 219.668 780.332 219.668 1
780.332 124.16 875.84 124.16 780.332 219.668 875.84 219.668 1
875.84 124.16 1000 124.16 875.84 219.668 1000 219.668 1
0 219.668 124.16 219.668 0 293.136 124.16 293.136 1
124.16 219.668 219.668 219.668 124.16 293.136 219.668 293.136 1
219.668 219.668 293.136 219.668 219.668 293.136 293.136 293.136 1
293.136 219.668 349.649 219.668 293.136 293.136 349.649 293.136 1
349.649 219.668 393.121 219.668 349.649 293.136 393.121 293.136 1
393.121 219.668 426.561 219.668 393.121 293.136 426.561 293.136 1
426.561 219.668 452.284 219.668 426.561 293.136 452.284 293.136 1
452.284 219.668 472.071 219.668 452.284 293.136 472.071 293.136 1
472.071 219.668 487.292 219.668 472.071 293.136 487.292 293.136 1
487.292 219.668 499 219.668 487.292 293.136 499 293.136 1
499 219.668 501 219.668 499 293.136 501 293.136 1
501 219.668 512.708 219.668 501 293.136 512.708 293.136 1
512.708 219.668 527.929 219.668 512.708 293.136 527.929 293.136 1
527.929 219.668 547.716 219.668 527.929 293.136 547.716 293.136 1
547.716 219.668 573.439 219.668 547.716 293.136 573.439 293.136 1
573.439 219.668 606.879 219.668 573.439 293.136 606.879 293.136 1
606.879 219.668 650.351 219.668 606.879 293.136 650.351 293.136 1
650.351 219.668 706.864 219.668 650.351 293.136 706.864 293.136 1
706.864 219.668 780.332 219.668 706.864 293.136 780.332 293.136 1
780.332 219.668 875.84 219.668 780.332 293.136 875.84 293.136 1
875.84 219.668 1000 219.668 875.84 293.136 1000 293.136 1
0 293.136 124.16 293.136 0 349.649 124.16 349.649 1
124.16 293.136 219.668 293.136 124.16 349.649 219.668 349.649 1
219.668 293.136 293.136 293.136 219.668 349.649 293.136 349.649 1
293.136 293.136 349.649 293.136 293.136 349.649 349.649 349.649 1
349.649 293.136 393.121 293.136 349.649 349.649 393.121 349.649 1
393.121 293.136 426.561 293.136 393.121 349.649 426.561 349.649 1
426.561 293.136 452.284 293.136 426.561 349.649 452.284 349.649 1
452.284 293.136 472.071 293.136 452.284 349.649 472.071 349.649 1
472.071 293.136 487.292 293.136 472.071 349.649 487.292 349.649 1
487.292 293.136 499 293.136 487.292 349.649 499 349.649 1
499 293.136 501 293.136 499 349.649 501 349.649 1
501 293.136 512.708 293.136 501 349.649 512.708 349.649 1
512.708 293.136 527.929 293.136 512.708 349.649 527.929 349.649 1
527.929 293.136 547.716 293.136 527.929 349.649 547.716 349.649 1
547.716 293.136 573.439 293.136 547.716 349.649 573.439 349.649 1
573.439 293.136 606.879 293.136 573.439 349.649 606.879 349.649 1
606.879 293.136 650.351 293.136 606.879 349.649 650.351 349.649 1
650.351 293.136 706.864 293.136 650.351 349.649 706.864 349.649 1
706.864 293.136 780.332 293.136 706.864 349.649 780.332 349.649 1
780.332 293.136 875.84 293.136 780.332 349.649 875.84 349.649 1
875.84 293.136 1000 293.136 875.84 349.649 1000 349.649 1
0 349.649 124.16 349.649 0 393.121 124.16 393.121 1
124.16 349.649 219.668 349.649 124.16 393.121 219.668 393.121 1
219.668 349.649 293.136 349.649 219.668 393.121 293.136 393.121 1
293.136 349.649 349.649 349.649 293.136 393.121 349.649 393.121 1
349.649 349.649 393.121 349.649 349.649 393.121 393.121 393.121 1
393.121 349.649 426.561 349.649 393.121 393.121 426.561 393.121 1
426.561 349.649 452.284 349.649 426.561 393.121 452.284 393.121 1
452.284 349.649 472.071 349.649 452.284 393.121 472.071 393.121 1
472.071 349.649 487.292 349.649 472.071 393.121 487.292 393.121 1
487.292 349.649 499 349.649 487.292 393.121 499 393.121 1
499 349.649 501 349.649 499 393.121 501 393.121 1
501 349.649 512.708 349.649 501 393.121 512.708 393.121 1
512.708 349.649 527.929 349.649 512.708 393.121 527.929 393.121 1
527.929 349.649 547.716 349.649 527.929 393.121 547.716 393.121 1
547.716 349.649 573.439 349.649 547.716 393.121 573.439 393.121 1
573.439 349.649 606.879 349.649 573.439 393.121 606.879 393.121 1
606.879 349.649 650.351 349.649 606.879 393.121 650.351 393.121 1
650.351 349.649 706.864 349.649 650.351 393.121 706.864 393.121 1
706.864 349.649 780.332 349.649 706.864 393.121 780.332 393.121 1
780.332 349.649 875.84 349.649 780.332 393.121 875.84 393.121 1
875.84 349.649 1000 349.649 875.84 393.121 1000 393.121 1
0 393.121 124.16 393.121 0 426.561 124.16 426.561 1
124.16 393.121 219.668 393.121 124.16 426.561 219.668 426.561 1
219.668 393.121 293.136 393.121 219.668 426.561 293.136 426.561 1
293.136 393.121 349.649 393.121 293.136 426.561 349.649 426.561 1
349.649 393.121 393.121 393.121 349.649 426.561 393.121 426.561 1
393.121 393.121 426.561 393.121 393.121 426.561 426.561 426.561 1
426.561 393.121 452.284 393.121 426.561 426.561 452.284 426.561 1
452.284 393.121 472.071 393.121 452.284 426.561 472.071 426.561 1
472.071 393.121 487.292 393.121 472.071 426.561 487.292 426.561 1
487.292 393.121 499 393.121 487.292 426.561 499 426.561 1
499 393.121 501 393.121 499 426.561 501 426.561 1
501 393.121 512.708 393.121 501 426.561 512.708 426.561 1
512.708 393.121 527.929 393.121 512.708 426.561 527.929 426.561 1
527.929 393.121 547.716 393.121 527.929 426.561 547.716 426.561 1
547.716 393.121 573.439 393.121 547.716 426.561 573.439 426.561 1
573.439 393.121 606.879 393.121 573.439 426.561 606.879 426.561 1
606.879 393.121 650.351 393.121 606.879 426.561 650.351 426.561 1
650.351 393.121 706.864 393.121 650.351 426.561 706.864 426.561 1
706.864 393.121 780.332 393.121 706.864 426.561 780.332 426.561 1
780.332 393.121 875.84 393.121 780.332 426.561 875.84 426.561 1
875.84 393.121 1000 393.121 875.84 426.561 1000 426.561 1
0 426.561 124.16 426.561 0 452.284 124.16 452.284 1
124.16 426.561 219.668 426.561 124.16 452.284 219.668 452.284 1
219.668 426.561 293.136 426.561 219.668 452.284 293.136 452.284 1
293.136 426.561 349.649 426.561 293.136 452.284 349.649 452.284 1
349.649 426.561 393.121 426.561 349.649 452.284 393.121 452.284 1
393.121 426.561 426.561 426.561 393.121 452.284 426.561 452.284 1
426.561 426.561 452.284 426.561 426.561 452.284 452.284 452.284 1
452.284 426.561 472.071 426.561 452.284 452.284 472.071 452.284 1
472.071 426.561 487.292 426.561 472.071 452.284 487.292 452.284 1
487.292 426.561 499 426.561 487.292 452.284 499 452.284 1
499 426.561 501 426.561 499 452.284 501 452.284 1
501 426.561 512.708 426.561 501 452.284 512.708 452.284 1
512.708 426.561 527.929 426.561 512.708 452.284 527.929 452.284 1
527.929 426.561 547.716 426.561 527.929 452.284 547.716 452.284 1
547.716 426.561 573.439 426.561 547.716 452.284 573.439 452.284 1
573.439 426.561 606.879 426.561 573.439 452.284 606.879 452.284 1
606.879 426.561 650.351 426.561 606.879 452.284 650.351 452.284 1
650.351 426.561 706.864 426.561 650.351 452.284 706.864 452.284 1
706.864 426.561 780.332 426.561 706.864 452.284 780.332 452.284 1
780.332 426.561 875.84 426.561 780.332 452.284 875.84 452.284 1
875.84 426.561 1000 426.561 875.84 452.284 1000 452.284 1
0 452.284 124.16 452.284 0 472.071 124.16 472.071 1
124.16 452.284 219.668 452.284 124.16 472.071 219.668 472.071 1
219.668 452.284 293.136 452.284 219.668 472.071 293.136 472.071 1
293.136 452.284 349.649 452.284 293.136 472.071 349.649 472.071 1
349.649 452.284 393.121 452.284 349.649 472.071 393.121 472.071 1
393.121 452.284 426.561 452.284 393.121 472.071 426.561 472.071 1
426.561 452.284 452.284 452.284 426.561 472.071 452.284 472.071 1
452.284 452.284 472.071 452.284 452.284 472.071 472.071 472.071 1
472.071 452.284 487.292 452.284 472.071 472.071 487.292 472.071 1
487.292 452.284 499 452.284 487.292 472.071 499 472.071 1
499 452.284 501 452.284 499 472.071 501 472.071 1
501 452.284 512.708 452.284 501 472.071 512.708 472.071 1
512.708 452.284 527.929 452.284 512.708 472.071 527.929 472.071 1
527.929 452.284 547.716 452.284 527.929 472.071 547.716 472.071 1
547.716 452.284 573.439 452.284 547.716 472.071 573.439 472.071 1
573.439 452.284 606.879 452.284 573.439 472.071 606.879 472.071 1
606.879 452.284 650.351 452.284 606.879 472.071 650.351 472.071 1
650.351 452.284 706.864 452.284 650.351 472.071 706.864 472.071 1
706.864 452.284 780.332 452.284 706.864 472.071 780.332 472.071 1
780.332 452.284 875.84 452.284 780.332 472.071 875.84 472.071 1
875.84 452.284 1000 452.284 875.84 472.071 1000 472.071 1
0 472.071 124.16 472.071 0 487.292 124.16 487.292 1
124.16 472.071 219.668 472.071 124.16 487.292 219.668 487.292 1
219.668 472.071 293.136 472.071 219.668 487.292 293.136 487.292 1
293.136 472.071 349.649 472.071 293.136 487.292 349.649 487.292 1
349.649 472.071 393.121 472.071 349.649 487.292 393.121 487.292 1
393.121 472.071 426.561 472.071 393.121 487.292 426.561 487.292 1
426.561 472.071 452.284 472.071 426.561 487.292 452.284 487.292 1
452.284 472.071 472.071 472.071 452.284 487.292 472.071 487.292 1
472.071 472.071 487.292 472.071 472.071 487.292 487.292 487.292 1
487.292 472.071 499 472.071 487.292 487.292 499 487.292 1
499 472.071 501 472.071 499 487.292 501 487.292 1
501 472.071 512.708 472.071 501 487.292 512.708 487.292 1
512.708 472.071 527.929 472.071 512.708 487.292 527.929 487.292 1
527.929 472.071 547.716 472.071 527.929 487.292 547.716 487.292 1
547.716 472.071 573.439 472.071 547.716 487.292 573.439 487.292 1
573.439 472.071 606.879 472.071 573.439 487.292 606.879 487.292 1
606.879 472.071 650.351 472.071 606.879 487.292 650.351 487.292 1
650.351 472.071 706.864 472.071 650.351 487.292 706.864 487.292 1
706.864 472.071 780.332 472.071 706.864 487.292 780.332 487.292 1
780.332 472.071 875.84 472.071 780.332 487.292 875.84 487.292 1
875.84 472.071 1000 472.071 875.84 487.292 1000 487.292 1
0 487.292 124.16 487.292 0 499 124.16 499 1
124.16 487.292 219.668 487.292 124.16 499 219.668 499 1
219.668 487.292 293.136 487.292 219.668 499 293.136 499 1
293.136 487.292 349.649 487.292 293.136 499 349.649 499 1
349.649 487.292 393.121 487.292 349.649 499 393.121 499 1
393.121 487.292 426.561 487.292 393.121 499 426.561 499 1
426.561 487.292 452.284 487.292 426.561 499 452.284 499 1
452.284 487.292 472.071 487.292 452.284 499 472.071 499 1
472.071 487.292 487.292 487.292 472.071 499 487.292 499 1
487.292 487.292 499 487.292 487.292 499 499 499 1
499 487.292 501 487.292 499 499 501 499 1
501 487.292 512.708 487.292 501 499 512.708 499 1
512.708 487.292 527.929 487.292 512.708 499 527.929 499 1
527.929 487.292 547.716 487.292 527.929 499 547.716 499 1
547.716 487.292 573.439 487.292 547.716 499 573.439 499 1
573.439 487.292 606.879 487.292 573.439 499 606.879 499 1
606.879 487.292 650.351 487.292 606.879 499 650.351 499 1
650.351 487.292 706.864 487.292 650.351 499 706.864 499 1
706.864 487.292 780.332 487.292 706.864 499 780.332 499 1
780.332 487.292 875.84 487.292 780.332 499 875.84 499 1
875.84 487.292 1000 487.292 875.84 499 1000 499 1
0 499 124.16 499 0 501 124.16 501 1
124.16 499 219.668 499 124.16 501 219.668 501 1
219.668 499 293.136 499 219.668 501 293.136 501 1
293.136 499 349.649 499 293.136 501 349.649 501 1
349.649 499 393.121 499 349.649 501 393.121 501 1
393.121 499 426.561 499 393.121 501 426.561 501 1
426.561 499 452.284 499 426.561 501 452.284 501 1
452.284 499 472.071 499 452.284 501 472.071 501 1
472.071 499 487.292 499 472.071 501 487.292 501 1
487.292 499 499 499 487.292 501 499 501 1
499 499 501 499 499 501 501 501 -2
